seed: 0
C: 5
samplesizes: [50, 65, 80, 94, 109, 123, 138, 152, 167, 181, 196, 210, 225, 239, 254, 268, 283, 297, 312, 326, 341, 355, 370, 384, 399, 413, 428, 442, 457, 471, 486, 500]
ratios:
(50, 1.4171882082622187)
(50, 1.6435368486834392)
(50, 1.3118490787337203)
(50, 1.5240166836153324)
(50, 1.3626018551101984)
(50, 1.2607956279864092)
(50, 1.3406956590322496)
(50, 1.4781225545018994)
(50, 1.6755941365561449)
(50, 1.513124959992208)
(50, 1.268679018348447)
(50, 1.3710990614745104)
(50, 1.5533775587560927)
(50, 1.6224710960447462)
(50, 1.5182149130816034)
(50, 1.273967417593523)
(50, 1.3642727409612265)
(50, 1.3914408885257326)
(50, 1.3349509919213989)
(50, 1.5327065131626465)
(50, 1.7386378550986472)
(50, 1.2679331056888974)
(50, 1.493491557408522)
(50, 1.51312876581678)
(50, 1.4569753250625517)
(50, 1.4426592061721815)
(50, 1.6827846063743197)
(50, 1.3199576011920733)
(50, 1.4180623714401597)
(50, 1.2463703299498288)
(50, 1.4670157630605383)
(50, 1.456487418635943)
(65, 1.422109601955223)
(65, 1.7154342138774115)
(65, 1.4644357095567713)
(65, 1.706846183080804)
(65, 1.3196938213708964)
(65, 1.3321876237995232)
(65, 1.3064112311795641)
(65, 1.2719547024886042)
(65, 1.2678425484192872)
(65, 1.534397667659412)
(65, 2.075389277276943)
(65, 1.2841435872282891)
(65, 1.2837216982232795)
(65, 1.2869353565433417)
(65, 1.3494058664097086)
(65, 1.4553127802614492)
(65, 2.005059601964314)
(65, 1.5644370653229975)
(65, 1.2818496144134344)
(65, 1.4592169801076271)
(65, 1.3667309379299657)
(65, 1.330003298164936)
(65, 1.3120650518385621)
(65, 1.391589977730894)
(65, 1.4028710192079832)
(65, 1.5499518461928123)
(65, 1.206876720058534)
(65, 1.3630880888008703)
(65, 1.4048547857962632)
(65, 1.4624385071008632)
(65, 1.1733588470455423)
(65, 1.4785017231752224)
(80, 1.2905783813081866)
(80, 1.3414258106759902)
(80, 1.3654552580598736)
(80, 1.2408114885694022)
(80, 1.1965280695239713)
(80, 1.5483039004815973)
(80, 1.1788267149552978)
(80, 1.3921240768518706)
(80, 1.1578248358888843)
(80, 1.3515043142714884)
(80, 1.3945915273706082)
(80, 1.2502021872638212)
(80, 1.853762402601742)
(80, 1.3729087568955802)
(80, 1.1971386090084881)
(80, 1.187673248840717)
(80, 1.3845449622314707)
(80, 1.2324766044682487)
(80, 1.2757488811408302)
(80, 1.4098732709982114)
(80, 1.6054862762351845)
(80, 1.3805325524181853)
(80, 1.4549245673506421)
(80, 1.7034390206544336)
(80, 1.3925033230209858)
(80, 1.2927144419186796)
(80, 1.2649110721233587)
(80, 1.25820198565817)
(80, 1.3595206923321845)
(80, 1.3296416836822318)
(80, 1.3349002547040196)
(80, 1.2099389189682237)
(94, 1.321946450641892)
(94, 1.2155294218806836)
(94, 1.2761672212603081)
(94, 1.2808549853025317)
(94, 1.860391126294823)
(94, 1.5309941005234815)
(94, 1.1880674625709753)
(94, 1.2721674485452448)
(94, 1.1877204855953563)
(94, 1.3131310469604505)
(94, 1.228208817616465)
(94, 1.433532382435266)
(94, 1.3100275758224766)
(94, 1.2159006219047714)
(94, 1.2690278059780107)
(94, 1.429235062617488)
(94, 1.638714167151809)
(94, 1.4179283534863696)
(94, 1.2330338919652621)
(94, 1.3783969123431243)
(94, 1.313836938961928)
(94, 1.3717441354728406)
(94, 1.286207350634835)
(94, 1.2149756141635268)
(94, 1.2085198963291972)
(94, 1.1964854214127132)
(94, 1.2927303157681331)
(94, 1.186412111958069)
(94, 1.1619881752662853)
(94, 1.3454610933983953)
(94, 1.1740093597491135)
(94, 1.3819345717228164)
(109, 1.217806669341753)
(109, 1.2146008843671323)
(109, 1.244929075521827)
(109, 1.1230378795996716)
(109, 1.0928637072287553)
(109, 1.18620274450037)
(109, 1.2604483196375482)
(109, 1.3129898073647581)
(109, 1.2704051646533152)
(109, 1.3269351059955417)
(109, 1.1979887913060083)
(109, 1.1359560679243632)
(109, 1.1905989616333086)
(109, 1.1893535555752286)
(109, 1.2324532602394058)
(109, 1.2464480680493766)
(109, 1.2060271995317693)
(109, 1.2623061128989908)
(109, 1.412921772014322)
(109, 1.219261382090377)
(109, 1.373957626688885)
(109, 1.1840082801599774)
(109, 1.2859563978109816)
(109, 1.1950279427810202)
(109, 1.1784579646239668)
(109, 1.4257869987324092)
(109, 1.1854141448217133)
(109, 1.2793657308793418)
(109, 1.3182946813737706)
(109, 1.3119587114946079)
(109, 1.1647466685551873)
(109, 1.259025476074059)
(123, 1.193967748725347)
(123, 1.3169030198958551)
(123, 1.2587087499050933)
(123, 1.2730893110054784)
(123, 1.2214189937761557)
(123, 1.13037760708235)
(123, 1.256169922042577)
(123, 1.344925491842691)
(123, 1.2750784855617205)
(123, 1.3177194697161878)
(123, 1.2947157041960198)
(123, 1.231105125872071)
(123, 1.3679523557275195)
(123, 1.1151610167918822)
(123, 1.159485787692597)
(123, 1.1979226663211666)
(123, 1.151290103791196)
(123, 1.4229080281273792)
(123, 1.2369792222492337)
(123, 1.39535133027154)
(123, 1.2673644061614797)
(123, 1.2517672198170775)
(123, 1.3465250769269053)
(123, 1.1794934585194743)
(123, 1.2189739258542849)
(123, 1.265758408227116)
(123, 1.2593440617995064)
(123, 1.243091179114942)
(123, 1.348827905369501)
(123, 1.1222075255595807)
(123, 1.191543443690924)
(123, 1.3289281345099522)
(138, 1.151099785664704)
(138, 1.3005430055836296)
(138, 1.2239056838724904)
(138, 1.3732720541725705)
(138, 1.2627417490811892)
(138, 1.318314796107881)
(138, 1.2662547256727583)
(138, 1.3368581636813666)
(138, 1.2278564922792372)
(138, 1.2027180490270275)
(138, 1.146560478538876)
(138, 1.4164923792377824)
(138, 1.3008732637780922)
(138, 1.2476252491700428)
(138, 1.2529933620410116)
(138, 1.216877022752071)
(138, 1.2046887428307513)
(138, 1.1023014748362843)
(138, 1.2951075795088813)
(138, 1.2328249161559939)
(138, 1.2603582820054868)
(138, 1.2422424620505026)
(138, 1.4907830572080223)
(138, 1.2385368076802963)
(138, 1.181716112181245)
(138, 1.3418786014219588)
(138, 1.1608983473325398)
(138, 1.1105627097960367)
(138, 1.3505903534546346)
(138, 1.1274896938546195)
(138, 1.3057972335548946)
(138, 1.2191839373364268)
(152, 1.4037705249787022)
(152, 1.16224741156374)
(152, 1.2111221103727323)
(152, 1.2392755160652182)
(152, 1.2729485249749024)
(152, 1.144436043107084)
(152, 1.0984945177543792)
(152, 1.0747351457999443)
(152, 1.119587734143168)
(152, 1.2409500671966873)
(152, 1.1045250058729787)
(152, 1.1837859212927433)
(152, 1.1620860021222754)
(152, 1.218927875608714)
(152, 1.3768458316340573)
(152, 1.1901977005444666)
(152, 1.257441237212938)
(152, 1.2416177312457926)
(152, 1.163709701455986)
(152, 1.06763480736062)
(152, 1.2405594164952107)
(152, 1.1643561893307157)
(152, 1.2247703516321742)
(152, 1.3142949929845964)
(152, 1.2165735101801232)
(152, 1.2094898352236094)
(152, 1.333197571929698)
(152, 1.1931825181672484)
(152, 1.1275485933648854)
(152, 1.1794061171309715)
(152, 1.134681594685423)
(152, 1.1335563256926524)
(167, 1.1728502029898187)
(167, 1.0916809865051025)
(167, 1.2116091754966758)
(167, 1.2795716976022407)
(167, 1.2063408049033735)
(167, 1.1706443012139889)
(167, 1.1899797428947971)
(167, 1.1844924575951354)
(167, 1.188714020877605)
(167, 1.181589281326817)
(167, 1.149311782593988)
(167, 1.1630815056833168)
(167, 1.1636692500419763)
(167, 1.2461625277978832)
(167, 1.3877852325667495)
(167, 1.1722633641302576)
(167, 1.1976840265076092)
(167, 1.187191512607929)
(167, 1.1526441965984335)
(167, 1.1763018156007452)
(167, 1.2776319273612007)
(167, 1.1669791640362144)
(167, 1.465014581451935)
(167, 1.1435165354041026)
(167, 1.1155632810557634)
(167, 1.158053477568983)
(167, 1.1608479780191336)
(167, 1.241968549386218)
(167, 1.1551433474864692)
(167, 1.2635791062250676)
(167, 1.3603367873724586)
(167, 1.2175386245573887)
(181, 1.1459158441940585)
(181, 1.153656440903028)
(181, 1.342285783057229)
(181, 1.2169646490419774)
(181, 1.226694693505622)
(181, 1.1967567783192097)
(181, 1.1510578821122148)
(181, 1.224025187141531)
(181, 1.210371733427257)
(181, 1.0939224158794636)
(181, 1.2833998419026362)
(181, 1.1905121930239244)
(181, 1.235571893737557)
(181, 1.222381900583991)
(181, 1.1757245295758898)
(181, 1.1917545258213722)
(181, 1.3292586835750435)
(181, 1.1205206864646093)
(181, 1.2399044856561476)
(181, 1.1257006224888368)
(181, 1.17029427047109)
(181, 1.1388862130896036)
(181, 1.1460079119114228)
(181, 1.1450443868034792)
(181, 1.2191759032814184)
(181, 1.2831878811255952)
(181, 1.1207337807255584)
(181, 1.160164263249714)
(181, 1.1655153560379328)
(181, 1.090851691003062)
(181, 1.3380637579344334)
(181, 1.121935309283412)
(196, 1.131637383150468)
(196, 1.2635566504512539)
(196, 1.1400715736462241)
(196, 1.1544073638167285)
(196, 1.0846524536186402)
(196, 1.2285801364593818)
(196, 1.1192255761738241)
(196, 1.3172809392948677)
(196, 1.23407426300653)
(196, 1.3175230546584398)
(196, 1.1967705053304236)
(196, 1.1844272992209541)
(196, 1.1854365947966643)
(196, 1.1450311879685566)
(196, 1.1832814041969737)
(196, 1.1500988263551568)
(196, 1.1977201458041205)
(196, 1.1682083767677387)
(196, 1.1816022897349203)
(196, 1.1638716873159052)
(196, 1.2111134920720994)
(196, 1.2215260684754168)
(196, 1.087453311780093)
(196, 1.1206182574998946)
(196, 1.2677174016934378)
(196, 1.1345410114295815)
(196, 1.122205539040811)
(196, 1.1809182365168358)
(196, 1.1174736487484715)
(196, 1.1501653648133323)
(196, 1.175875160546096)
(196, 1.0972698367782971)
(210, 1.1329890925054644)
(210, 1.139787244551561)
(210, 1.1264428795492365)
(210, 1.1332166552755418)
(210, 1.152996970287722)
(210, 1.1445959302253892)
(210, 1.1195566310762088)
(210, 1.0854287125586635)
(210, 1.2192961407248204)
(210, 1.1582775634617273)
(210, 1.1360797848957325)
(210, 1.0997199513351676)
(210, 1.110958991457717)
(210, 1.100747735209433)
(210, 1.143884733037365)
(210, 1.1034339695900646)
(210, 1.1481655717945112)
(210, 1.22591116744761)
(210, 1.1060693492544011)
(210, 1.1539459379768124)
(210, 1.2070551769747548)
(210, 1.1163999599583896)
(210, 1.1514868292251321)
(210, 1.0718088847781235)
(210, 1.1837530613235032)
(210, 1.120182128340104)
(210, 1.243701458399141)
(210, 1.125114443696042)
(210, 1.1888541583738552)
(210, 1.2825880135534937)
(210, 1.2442382003729324)
(210, 1.1185245956483354)
(225, 1.0831617236020374)
(225, 1.147135568692722)
(225, 1.1629320982249998)
(225, 1.0871774152801459)
(225, 1.0897363164036198)
(225, 1.234940995980909)
(225, 1.1421631624663406)
(225, 1.144320682218626)
(225, 1.1982817105360284)
(225, 1.1910921761412825)
(225, 1.183680377859455)
(225, 1.086972683225639)
(225, 1.1477810072707038)
(225, 1.1302677657906077)
(225, 1.2099059959845704)
(225, 1.1393573289906422)
(225, 1.113234259102093)
(225, 1.113070422133678)
(225, 1.1559957609079807)
(225, 1.103283877510344)
(225, 1.1383227890728251)
(225, 1.2889364741732945)
(225, 1.1597315024702894)
(225, 1.1287897501810893)
(225, 1.178620900258518)
(225, 1.2700146846154892)
(225, 1.1057178415800035)
(225, 1.0668924573040428)
(225, 1.0905150426293735)
(225, 1.1999185374253378)
(225, 1.1005042330458656)
(225, 1.114045864667626)
(239, 1.187344497623818)
(239, 1.186035273449811)
(239, 1.165138367659526)
(239, 1.0913817132034351)
(239, 1.1375935972673303)
(239, 1.1749436091584387)
(239, 1.0730958251600877)
(239, 1.1595422836303724)
(239, 1.1671259671207816)
(239, 1.086576330670423)
(239, 1.0703585877085973)
(239, 1.1865157475899555)
(239, 1.0743014727109752)
(239, 1.2413821556977807)
(239, 1.2251054417997684)
(239, 1.097307746198497)
(239, 1.1886514756010456)
(239, 1.1800986986017181)
(239, 1.144483107892036)
(239, 1.4793966659635118)
(239, 1.1283993308895008)
(239, 1.1348433193648702)
(239, 1.113412867284111)
(239, 1.1946390256434085)
(239, 1.1067215542678512)
(239, 1.1165113956201114)
(239, 1.1766418447593978)
(239, 1.1578283477247546)
(239, 1.1887900113462266)
(239, 1.1298082184077585)
(239, 1.1361767343677476)
(239, 1.1942207070414679)
(254, 1.1915610859740582)
(254, 1.2029466994974407)
(254, 1.2601855138155995)
(254, 1.0806549566915336)
(254, 1.1535504572828275)
(254, 1.1282445495302178)
(254, 1.131968728059836)
(254, 1.0926178529994677)
(254, 1.140374747201999)
(254, 1.1153609375874538)
(254, 1.1610385372302636)
(254, 1.1671663805325188)
(254, 1.1903355292107332)
(254, 1.1188498599555405)
(254, 1.2668574568586677)
(254, 1.0907222110522614)
(254, 1.1451028568228718)
(254, 1.0923852352891104)
(254, 1.113461837500933)
(254, 1.1358622833610996)
(254, 1.0816513373616947)
(254, 1.1349842058487238)
(254, 1.1135077863918563)
(254, 1.1537070674511685)
(254, 1.1255623526644132)
(254, 1.0545310066658187)
(254, 1.1524170180413593)
(254, 1.1106119219892332)
(254, 1.125590642249566)
(254, 1.09814693734553)
(254, 1.1742648723872473)
(254, 1.249605288174742)
(268, 1.0841929241763075)
(268, 1.1170653571387006)
(268, 1.1455465146671633)
(268, 1.144586860526434)
(268, 1.183478956703543)
(268, 1.1673199053771408)
(268, 1.175838380091807)
(268, 1.1433725724429653)
(268, 1.1537718181954995)
(268, 1.0968992921111707)
(268, 1.0954027595451914)
(268, 1.066158390338542)
(268, 1.1819837150133352)
(268, 1.1567438143682356)
(268, 1.16656418288504)
(268, 1.1395631870898315)
(268, 1.1010329657300373)
(268, 1.0937667871175698)
(268, 1.1179701996670703)
(268, 1.1513222630979454)
(268, 1.1553711825185446)
(268, 1.0924316860998042)
(268, 1.1537089266514757)
(268, 1.1458588668694272)
(268, 1.1333256868805213)
(268, 1.2484701978222736)
(268, 1.1188725876478862)
(268, 1.2792715897068478)
(268, 1.105467712671362)
(268, 1.232256091001316)
(268, 1.108543627314722)
(268, 1.082851988041471)
(283, 1.2451765929339045)
(283, 1.1448428672924598)
(283, 1.1215320278812708)
(283, 1.188746460416005)
(283, 1.1981205076146584)
(283, 1.2251433938728307)
(283, 1.0772814722402824)
(283, 1.1754784105984588)
(283, 1.197242248820908)
(283, 1.1359663808015734)
(283, 1.1076898513956974)
(283, 1.1150113675808149)
(283, 1.0744852700846035)
(283, 1.1551245392284861)
(283, 1.168708021564734)
(283, 1.064582241462592)
(283, 1.1056867368635868)
(283, 1.0906449973815047)
(283, 1.2091584659400119)
(283, 1.2120753839361256)
(283, 1.1306870115460363)
(283, 1.10879178930148)
(283, 1.1443837908425896)
(283, 1.0604284942784001)
(283, 1.138525234459866)
(283, 1.0590832583387062)
(283, 1.0821900882600302)
(283, 1.120684070046919)
(283, 1.1334550147171025)
(283, 1.1886495079025283)
(283, 1.1369887292072955)
(283, 1.1723377642832578)
(297, 1.1395876612608224)
(297, 1.0998273686417004)
(297, 1.1230820706002695)
(297, 1.1343002156236517)
(297, 1.2011475873176425)
(297, 1.1284183446703284)
(297, 1.1578570272793698)
(297, 1.1043233008195736)
(297, 1.2027177797692943)
(297, 1.0998664188972265)
(297, 1.165622548493397)
(297, 1.1191245345417802)
(297, 1.1552260678928943)
(297, 1.1256075967535428)
(297, 1.0984407669131455)
(297, 1.177708250322922)
(297, 1.095808515458209)
(297, 1.1190943691453763)
(297, 1.1055203898317338)
(297, 1.1215378981681976)
(297, 1.1105497990913964)
(297, 1.090232684462801)
(297, 1.1125434459275176)
(297, 1.1187323489310543)
(297, 1.1268609421080258)
(297, 1.0959575776264703)
(297, 1.0971244287026747)
(297, 1.1998666728508383)
(297, 1.162418355657424)
(297, 1.1131620652439318)
(297, 1.1272443150178422)
(297, 1.1668636341088099)
(312, 1.189513057808444)
(312, 1.2170397050507715)
(312, 1.1581563570666613)
(312, 1.1629686279609759)
(312, 1.083512716191912)
(312, 1.1606004321977277)
(312, 1.0778364676941046)
(312, 1.107657748543432)
(312, 1.1175707891365703)
(312, 1.0856208312531024)
(312, 1.1000858070373218)
(312, 1.089592454599329)
(312, 1.081565347592687)
(312, 1.0864786565843743)
(312, 1.092303959135999)
(312, 1.1191517424276387)
(312, 1.1315598990443425)
(312, 1.1338593912332167)
(312, 1.0875311790918)
(312, 1.1634651105723437)
(312, 1.1291895162438566)
(312, 1.050463439277661)
(312, 1.1929200842002727)
(312, 1.0998640679783664)
(312, 1.3341594392235518)
(312, 1.163966793248956)
(312, 1.1688031397825802)
(312, 1.1187687028176876)
(312, 1.0526224074758135)
(312, 1.1003935713493198)
(312, 1.09641223213623)
(312, 1.1011022985005192)
(326, 1.0904296444904573)
(326, 1.1282238174461066)
(326, 1.0793052270330485)
(326, 1.1571289159250435)
(326, 1.1696640555582545)
(326, 1.0625034159295264)
(326, 1.1017207832533025)
(326, 1.0904174006125182)
(326, 1.1044782971076517)
(326, 1.05766704482843)
(326, 1.1278495332922427)
(326, 1.0589044342263312)
(326, 1.124912601932526)
(326, 1.1203972331949101)
(326, 1.0779262084681263)
(326, 1.1283924483649934)
(326, 1.1464052372020914)
(326, 1.1015841221588198)
(326, 1.0857337246572978)
(326, 1.0770612488340352)
(326, 1.075391047268573)
(326, 1.1485096275404945)
(326, 1.1305046172392825)
(326, 1.1384255861217103)
(326, 1.2274040524172838)
(326, 1.1471034041944617)
(326, 1.056611893118092)
(326, 1.1980988738701923)
(326, 1.0970394988980983)
(326, 1.1032696281521335)
(326, 1.1414365045935269)
(326, 1.1976155056500342)
(341, 1.1529007613624562)
(341, 1.1010887209839797)
(341, 1.1600743969975744)
(341, 1.0795579499735528)
(341, 1.1105959019331313)
(341, 1.1305638292716484)
(341, 1.0930565987879177)
(341, 1.1714879982032806)
(341, 1.0762753816556547)
(341, 1.0900220087062564)
(341, 1.1493194047146489)
(341, 1.125000166603009)
(341, 1.1497226076894007)
(341, 1.0965239279484782)
(341, 1.0716101647762228)
(341, 1.1056809909117213)
(341, 1.1093477975702606)
(341, 1.1194080850431578)
(341, 1.0963538719636434)
(341, 1.1546637850987211)
(341, 1.1637840687928704)
(341, 1.1039360070997903)
(341, 1.102058130856224)
(341, 1.1850919172826304)
(341, 1.0809581266528114)
(341, 1.1749996597660366)
(341, 1.0857037083137246)
(341, 1.115201240664495)
(341, 1.1144602934308452)
(341, 1.0915221539213027)
(341, 1.1082030254694473)
(341, 1.0831504407120611)
(355, 1.0447816889115669)
(355, 1.0744124283706342)
(355, 1.1114061947324754)
(355, 1.1865989815467255)
(355, 1.0688256243289362)
(355, 1.0614887261674102)
(355, 1.1566908893845795)
(355, 1.0928399131980235)
(355, 1.098494813961865)
(355, 1.1281548292953925)
(355, 1.1547983093187282)
(355, 1.2206341363037676)
(355, 1.082524671952319)
(355, 1.0959972213674145)
(355, 1.1210932213399123)
(355, 1.073217956499194)
(355, 1.0986556942309744)
(355, 1.1244264386205995)
(355, 1.135939291346311)
(355, 1.1474244250492311)
(355, 1.0995554128027432)
(355, 1.1107238351247242)
(355, 1.2230571205634135)
(355, 1.1780881435021764)
(355, 1.1232079587239698)
(355, 1.1479094846656863)
(355, 1.082914797406819)
(355, 1.0435779480383802)
(355, 1.0730936278603822)
(355, 1.120135350204023)
(355, 1.138954243694135)
(355, 1.1008709481066683)
(370, 1.1005043916072996)
(370, 1.0883961916377585)
(370, 1.0750749056572235)
(370, 1.075398960891144)
(370, 1.1040919869290882)
(370, 1.143238359987682)
(370, 1.1516699207067327)
(370, 1.1094652446765678)
(370, 1.1464378362508654)
(370, 1.0909702078765329)
(370, 1.1872166865768645)
(370, 1.0959794101485811)
(370, 1.1893404894542545)
(370, 1.0563984802744935)
(370, 1.1004038349749263)
(370, 1.1003617943605843)
(370, 1.0738769514289703)
(370, 1.153561842638961)
(370, 1.129436218827653)
(370, 1.0847006052368917)
(370, 1.0941000401676126)
(370, 1.0533529694184962)
(370, 1.141580937356168)
(370, 1.1024123072480374)
(370, 1.1383684391068662)
(370, 1.0759520027707155)
(370, 1.1227269648721674)
(370, 1.0860409003174079)
(370, 1.1289372135769973)
(370, 1.1122609503904815)
(370, 1.1823717889913639)
(370, 1.1111161532342368)
(384, 1.0568016278290606)
(384, 1.167689941775551)
(384, 1.0953613094729722)
(384, 1.1515915047205265)
(384, 1.125724313331006)
(384, 1.0612775297295383)
(384, 1.1008393894643222)
(384, 1.0816132499557378)
(384, 1.1566159613510738)
(384, 1.1370415853461682)
(384, 1.1547755918149127)
(384, 1.055128279468752)
(384, 1.1281779410246355)
(384, 1.1608233876280405)
(384, 1.1074712843336225)
(384, 1.0929398120098113)
(384, 1.10044427556392)
(384, 1.08210069313083)
(384, 1.159331792160992)
(384, 1.0904666531274119)
(384, 1.0657345660712456)
(384, 1.0926139328623672)
(384, 1.165234716520584)
(384, 1.154415348183648)
(384, 1.1642890065101175)
(384, 1.1336098699071258)
(384, 1.1522117814321413)
(384, 1.1447262253797248)
(384, 1.0894392653488787)
(384, 1.0600343467137998)
(384, 1.0452874641733274)
(384, 1.129904554770265)
(399, 1.1068667252523472)
(399, 1.1791789833640398)
(399, 1.0799725148207644)
(399, 1.2267384354794)
(399, 1.1423410803331377)
(399, 1.160724068594877)
(399, 1.0772822353539542)
(399, 1.1067605912865746)
(399, 1.0778738294677765)
(399, 1.048173007099326)
(399, 1.147727373913086)
(399, 1.1317797593784302)
(399, 1.128518367846589)
(399, 1.1838865005226797)
(399, 1.0423540657518053)
(399, 1.1383077985297505)
(399, 1.1141672590429796)
(399, 1.075186076790357)
(399, 1.0987714007027414)
(399, 1.1156005682027037)
(399, 1.0687530767156999)
(399, 1.086861081428759)
(399, 1.1192693698883578)
(399, 1.0831168937247402)
(399, 1.1329325841457785)
(399, 1.1135250647059531)
(399, 1.1453989935462836)
(399, 1.1087211969323945)
(399, 1.1297910106045694)
(399, 1.1051481524849296)
(399, 1.122189602237849)
(399, 1.1913552937358627)
(413, 1.0742729462359166)
(413, 1.1440249754461862)
(413, 1.0995128247228207)
(413, 1.160374945041523)
(413, 1.106338153866542)
(413, 1.071557878683224)
(413, 1.1808205697805005)
(413, 1.096265955661065)
(413, 1.1098763144730799)
(413, 1.0601232395815616)
(413, 1.0945231676414955)
(413, 1.0922304610970062)
(413, 1.1223592930815092)
(413, 1.0744655234164189)
(413, 1.146687110819356)
(413, 1.1762471634904246)
(413, 1.0730622479160743)
(413, 1.068896472733623)
(413, 1.0596715179895657)
(413, 1.0971364681679927)
(413, 1.0663215074134527)
(413, 1.0499603773695683)
(413, 1.1114367379090706)
(413, 1.0665312617878429)
(413, 1.0600982000773667)
(413, 1.0539332856964225)
(413, 1.1335859608824004)
(413, 1.1414637130284817)
(413, 1.0832510707741008)
(413, 1.1298478705242816)
(413, 1.0706387914366662)
(413, 1.061923980639784)
(428, 1.11707994327537)
(428, 1.0638463337201252)
(428, 1.0848797091521334)
(428, 1.0722896327548725)
(428, 1.0786487906469473)
(428, 1.114031985923742)
(428, 1.1098023234491654)
(428, 1.1360249625858263)
(428, 1.1002161545602587)
(428, 1.1096978018705745)
(428, 1.1320235844402091)
(428, 1.1042885440405537)
(428, 1.0697318780612597)
(428, 1.1401498197483069)
(428, 1.0794323606776597)
(428, 1.0850663757696408)
(428, 1.108321925847051)
(428, 1.1056077699116071)
(428, 1.0974521882628334)
(428, 1.0921251020127178)
(428, 1.096181286826894)
(428, 1.080093251395504)
(428, 1.1253890362284975)
(428, 1.1468816152902617)
(428, 1.0532990311411963)
(428, 1.0843883122486282)
(428, 1.0589605263119362)
(428, 1.0823134045177663)
(428, 1.1046833554971567)
(428, 1.1783415852862393)
(428, 1.1175616567341071)
(428, 1.0738742646799164)
(442, 1.0739151348118312)
(442, 1.0954667667160658)
(442, 1.1484839628720098)
(442, 1.075111961169043)
(442, 1.107416205937195)
(442, 1.1568855700070988)
(442, 1.1750822994451766)
(442, 1.1238362571316425)
(442, 1.090382084282119)
(442, 1.1094580868298325)
(442, 1.0996089345477487)
(442, 1.0531031143128347)
(442, 1.1195824007045911)
(442, 1.0979300457288743)
(442, 1.060656577639726)
(442, 1.0741231590646507)
(442, 1.081646117433891)
(442, 1.1523227022271054)
(442, 1.1580405962970908)
(442, 1.186091990653852)
(442, 1.0950752756489481)
(442, 1.118017286696045)
(442, 1.0342954471250063)
(442, 1.110365546766213)
(442, 1.0988422698924145)
(442, 1.0898593309520608)
(442, 1.0817700104420152)
(442, 1.0573429191279213)
(442, 1.1142517524566085)
(442, 1.063862472848386)
(442, 1.1668783832190217)
(442, 1.1636275381114995)
(457, 1.114383781943402)
(457, 1.0286909400392592)
(457, 1.1361052381306163)
(457, 1.0934939926366434)
(457, 1.08221370740962)
(457, 1.098743570201649)
(457, 1.1329529142770536)
(457, 1.0783044602910006)
(457, 1.074180606501263)
(457, 1.0638555815913944)
(457, 1.0590767301946058)
(457, 1.0838196213174178)
(457, 1.1075328547201757)
(457, 1.128442619858106)
(457, 1.0921744826731887)
(457, 1.1286964245263793)
(457, 1.0829741200802327)
(457, 1.143054045917349)
(457, 1.1014934200972888)
(457, 1.1237778576206041)
(457, 1.0905603276147744)
(457, 1.0600150451495955)
(457, 1.1017437635173497)
(457, 1.0770055351151802)
(457, 1.0707925147943602)
(457, 1.0875571495102327)
(457, 1.0792215869817412)
(457, 1.0646051836693065)
(457, 1.1063471953056025)
(457, 1.0681257571638734)
(457, 1.115360412505323)
(457, 1.0527763075362446)
(471, 1.1101834089870481)
(471, 1.1434968833307948)
(471, 1.089471706373579)
(471, 1.119965114433721)
(471, 1.0592861061251742)
(471, 1.0953512331613127)
(471, 1.0953232838620124)
(471, 1.057297880731466)
(471, 1.062922141220716)
(471, 1.0631069303497065)
(471, 1.0767523935048524)
(471, 1.1246267354713413)
(471, 1.0874999092335593)
(471, 1.129471042786369)
(471, 1.0755316198940181)
(471, 1.1208103585105018)
(471, 1.0717901877861888)
(471, 1.1217411615618123)
(471, 1.0801624355036663)
(471, 1.0566397192003265)
(471, 1.113883128182011)
(471, 1.0608977124878862)
(471, 1.1065642583478288)
(471, 1.086460283613748)
(471, 1.071712121336854)
(471, 1.1336604319684283)
(471, 1.1329559997824228)
(471, 1.0312164623606725)
(471, 1.0712254384543665)
(471, 1.1356002256816846)
(471, 1.1090785586346885)
(471, 1.1589253223488964)
(486, 1.0924575929314284)
(486, 1.1293728054594123)
(486, 1.0846235473794024)
(486, 1.1715409992148271)
(486, 1.0883278811055046)
(486, 1.0966380288949988)
(486, 1.1005624817314368)
(486, 1.071501555817002)
(486, 1.0676737264916714)
(486, 1.1222010747631135)
(486, 1.1023483192126609)
(486, 1.0778305492385574)
(486, 1.1023896233977937)
(486, 1.0558735631543699)
(486, 1.0886986451607585)
(486, 1.096515420677663)
(486, 1.0908995912470536)
(486, 1.115885312847032)
(486, 1.0935667676896046)
(486, 1.0744204961477672)
(486, 1.0738344920517602)
(486, 1.1149296226415535)
(486, 1.0864775216510931)
(486, 1.1437902337868793)
(486, 1.0902917515340693)
(486, 1.0507744044669178)
(486, 1.1104338547541452)
(486, 1.095466394979245)
(486, 1.1583179751495742)
(486, 1.095571963845887)
(486, 1.0530242664755558)
(486, 1.0630051869489392)
(500, 1.0778037981402002)
(500, 1.0916290053801383)
(500, 1.1298948829700806)
(500, 1.075332194158433)
(500, 1.0620953028384503)
(500, 1.0861437085085095)
(500, 1.103266009417623)
(500, 1.1445559087788781)
(500, 1.0800871137459955)
(500, 1.0873118157810673)
(500, 1.0625644053975811)
(500, 1.1010158024503274)
(500, 1.0911515960919302)
(500, 1.1232772719090407)
(500, 1.1300273676427794)
(500, 1.1031424444689217)
(500, 1.0868319432115527)
(500, 1.130755298275706)
(500, 1.0629424596353054)
(500, 1.103147066274678)
(500, 1.0656680223242525)
(500, 1.1033096481845213)
(500, 1.120323423847653)
(500, 1.1649777616017292)
(500, 1.0875574969159632)
(500, 1.0541673974292496)
(500, 1.1503794317153067)
(500, 1.0947885342823043)
(500, 1.0835417183819371)
(500, 1.1162387682636548)
(500, 1.1025172600324418)
(500, 1.1545261118024652)
