seed: 0
C: 5
samplesizes: [50, 65, 80, 94, 109, 123, 138, 152, 167, 181, 196, 210, 225, 239, 254, 268, 283, 297, 312, 326, 341, 355, 370, 384, 399, 413, 428, 442, 457, 471, 486, 500]
ratios:
(50, 1.0258502009567585)
(50, 1.0056856585229672)
(50, 1.003368695963149)
(50, 1.0195055524858558)
(50, 1.000946568875904)
(50, 1.0100730449774138)
(50, 1.0022060803060475)
(50, 1.0038240616799332)
(50, 1.0065136053034982)
(50, 1.0035147204476136)
(50, 1.0271212100798741)
(50, 1.0126609560986986)
(50, 1.0056317052409602)
(50, 1.0084666884909945)
(50, 1.0015513094565278)
(50, 1.0071594633067282)
(50, 1.0046916104201766)
(50, 1.0157641838135698)
(50, 1.0545130548441075)
(50, 1.0005299411450705)
(50, 1.017471501680807)
(50, 1.0193178004484627)
(50, 1.0262491531336446)
(50, 1.0031509924324993)
(50, 1.024782707712878)
(50, 1.008874447798616)
(50, 1.0712830982442632)
(50, 1.019613823140884)
(50, 1.0155578952994357)
(50, 1.0002398782842947)
(50, 1.001669281769802)
(50, 1.001888788112413)
(65, 1.00761334659529)
(65, 1.0032554136924843)
(65, 1.0072995798861024)
(65, 1.002790347664414)
(65, 1.0032722871942097)
(65, 1.0068297228691512)
(65, 1.0041587747666896)
(65, 1.0118945182926486)
(65, 1.0008512442723996)
(65, 1.0037400758126962)
(65, 1.000699014387666)
(65, 1.0002396393469537)
(65, 1.0178659121529983)
(65, 1.0243461803518872)
(65, 1.0002483950501697)
(65, 1.000878122082159)
(65, 1.0010383338713422)
(65, 1.0011657191125811)
(65, 1.0009311739910103)
(65, 1.0152903418500632)
(65, 1.003704397446137)
(65, 1.002993977305975)
(65, 1.0045573124304117)
(65, 1.0079927183732869)
(65, 1.0031680866836308)
(65, 1.0007060434884285)
(65, 1.0000580100699519)
(65, 1.0017359478043915)
(65, 1.0005838832905873)
(65, 1.016752191878846)
(65, 1.0017217521101427)
(65, 1.0016024160280814)
(80, 1.0004659204566242)
(80, 1.0080173746584393)
(80, 1.0000615291883974)
(80, 1.0013503349871284)
(80, 1.002675520846342)
(80, 1.0005296698774777)
(80, 1.0065961130290297)
(80, 1.0008960209126776)
(80, 1.001623726575748)
(80, 1.0047360541698644)
(80, 1.0046976367277587)
(80, 1.0037879795996612)
(80, 1.0039704011117685)
(80, 1.0005681380306986)
(80, 1.0001406570030555)
(80, 1.0072764301472654)
(80, 1.0037059336017422)
(80, 1.0004140725692026)
(80, 1.000546500927607)
(80, 1.0041147539038635)
(80, 1.008023029977081)
(80, 1.0046016379871172)
(80, 1.0160185348931994)
(80, 1.0004803448169095)
(80, 1.0037718015308634)
(80, 1.0015326045031412)
(80, 1.0000468007978183)
(80, 1.0083890893307053)
(80, 1.0015815925083666)
(80, 1.0007530016621948)
(80, 1.0000621877519884)
(80, 1.0003458751125458)
(94, 1.010747665553922)
(94, 1.0008295698552405)
(94, 1.0119975212129941)
(94, 1.003902422748794)
(94, 1.0014078268548459)
(94, 1.00671552282579)
(94, 1.0041623025580724)
(94, 1.0026657447691691)
(94, 1.0014706509627815)
(94, 1.0006944881683004)
(94, 1.0113185536457505)
(94, 1.0000621451992115)
(94, 1.0025279929924786)
(94, 1.0005217869360625)
(94, 1.0048054648280755)
(94, 1.0010446332972598)
(94, 1.0012270291583618)
(94, 1.0025310189539618)
(94, 1.0003433841186546)
(94, 1.0001130704594061)
(94, 1.0004171536668847)
(94, 1.0018965766805352)
(94, 1.0025377533345372)
(94, 1.0071475669490353)
(94, 1.0001161735194906)
(94, 1.0027195879999067)
(94, 1.0023829267347293)
(94, 1.0087975427521698)
(94, 1.0004688761476168)
(94, 1.0004368806106643)
(94, 1.0140171115927705)
(94, 1.00231305166856)
(109, 1.0046840897881497)
(109, 1.0001304838239229)
(109, 1.008234737165136)
(109, 1.0000260931496627)
(109, 1.0002797591010049)
(109, 1.0013631333539599)
(109, 1.0001798902688048)
(109, 1.000616360938347)
(109, 1.008280184703551)
(109, 1.0005128140737183)
(109, 1.0012623097085578)
(109, 1.00010604544049)
(109, 1.0048607369422755)
(109, 1.0019557473751963)
(109, 1.0010345863815835)
(109, 1.0014160687136742)
(109, 1.0006330172122773)
(109, 1.0032690203200516)
(109, 1.0034545428204376)
(109, 1.001192322341949)
(109, 1.0039388238056797)
(109, 1.007761103970269)
(109, 1.0100824109813953)
(109, 1.0013627124666082)
(109, 1.002673539649677)
(109, 1.0067601387976983)
(109, 1.0013320317937642)
(109, 1.0075935997352665)
(109, 1.0013009274125653)
(109, 1.0007739992709546)
(109, 1.0012392850766216)
(109, 1.0002689380440268)
(123, 1.0000801224788165)
(123, 1.0010710194250825)
(123, 1.0007659852067563)
(123, 1.001155103559112)
(123, 1.0247591436590318)
(123, 1.0015724229829666)
(123, 1.0017092610250067)
(123, 1.000704110712937)
(123, 1.00041692126975)
(123, 1.0019165172219209)
(123, 1.004780560168185)
(123, 1.0019619242330746)
(123, 1.0007501906237477)
(123, 1.0019164110441807)
(123, 1.0044761970835907)
(123, 1.000199473512873)
(123, 1.0007593967563428)
(123, 1.0004494081958162)
(123, 1.0009610336383319)
(123, 1.0001716305925363)
(123, 1.0040374000484276)
(123, 1.0001927363303798)
(123, 1.0013186976571613)
(123, 1.0017794694895241)
(123, 1.0019933494376958)
(123, 1.0044925281976276)
(123, 1.0002266750275461)
(123, 1.0008936381073008)
(123, 1.0001176222466113)
(123, 1.0002085776018286)
(123, 1.0014427765522724)
(123, 1.0024904434935993)
(138, 1.0026516686211593)
(138, 1.0001618933588978)
(138, 1.0031718325855865)
(138, 1.0002381290712221)
(138, 1.0011913194511277)
(138, 1.0007804858302798)
(138, 1.0053442969086177)
(138, 1.000161702476429)
(138, 1.0020598810493104)
(138, 1.000781296260743)
(138, 1.0004581661514598)
(138, 1.0000051767997575)
(138, 1.0004542943400283)
(138, 1.0003709982737803)
(138, 1.002297271241365)
(138, 1.0006814135513868)
(138, 1.0002252677170707)
(138, 1.0023656457080188)
(138, 1.0001810330921628)
(138, 1.003694246580721)
(138, 1.000539632697169)
(138, 1.0018345200388974)
(138, 1.0001805185470385)
(138, 1.0062004206368873)
(138, 1.000570474038571)
(138, 1.000156822439171)
(138, 1.0014241284781924)
(138, 1.0002513296415099)
(138, 1.0000948801630765)
(138, 1.0000744480105173)
(138, 1.000943718689001)
(138, 1.0002713120216749)
(152, 1.0003759647048889)
(152, 1.000129992768572)
(152, 1.000108189462531)
(152, 1.0004118240683442)
(152, 1.0000596956234078)
(152, 1.0042085600217125)
(152, 1.001663149894344)
(152, 1.0002350343127764)
(152, 1.0001277310315642)
(152, 1.0011199037605916)
(152, 1.0003474868499171)
(152, 1.0000571510167897)
(152, 1.0000569006845779)
(152, 1.000244784519989)
(152, 1.0008423054391165)
(152, 1.0002976071088572)
(152, 1.003375700810963)
(152, 1.0026475271062218)
(152, 1.0053480442915346)
(152, 1.0002463868606761)
(152, 1.0008154718128581)
(152, 1.000338720646484)
(152, 1.004371917613373)
(152, 1.0002173828042122)
(152, 1.0000880922034712)
(152, 1.0001247013824497)
(152, 1.0005700750063653)
(152, 1.0001482168376779)
(152, 1.0002845821143314)
(152, 1.0002176545115091)
(152, 1.0004114593701199)
(152, 1.0003181296115327)
(167, 1.0006284520343962)
(167, 1.000419897459556)
(167, 1.002388801494417)
(167, 1.0007479392932936)
(167, 1.0000701729738013)
(167, 1.0002923735315925)
(167, 1.0000831540528117)
(167, 1.0007106914278638)
(167, 1.000398361433213)
(167, 1.0031246334216923)
(167, 1.0009004371062078)
(167, 1.000921500789821)
(167, 1.0002260949277253)
(167, 1.0002122583061004)
(167, 1.000154747593703)
(167, 1.00003051311718)
(167, 1.0000877962200037)
(167, 1.0003026561079083)
(167, 1.0035635791202226)
(167, 1.0052227988436557)
(167, 1.0013274063670263)
(167, 1.000163228134811)
(167, 1.0010025367100037)
(167, 1.0007544702681583)
(167, 1.0002913179298634)
(167, 1.0007987070860964)
(167, 1.000748434642139)
(167, 1.0009457054905975)
(167, 1.0003443973608097)
(167, 1.0004484279833423)
(167, 1.0006151921478306)
(167, 1.0002863407467577)
(181, 1.0001984070996544)
(181, 1.0005322119545437)
(181, 1.0001645375359713)
(181, 1.00082513575897)
(181, 1.0002271720819944)
(181, 1.0000488225661786)
(181, 1.0000652970579964)
(181, 1.0002440401915882)
(181, 1.000484933810843)
(181, 1.0011306854955822)
(181, 1.001737618338825)
(181, 1.000500554568662)
(181, 1.0001663929469078)
(181, 1.0008778981085191)
(181, 1.0002375702010695)
(181, 1.0001698663412106)
(181, 1.0002468578155712)
(181, 1.000397515570763)
(181, 1.0005181227477349)
(181, 1.0000473690336278)
(181, 1.0001334203738188)
(181, 1.0015194559207898)
(181, 1.0001499829260434)
(181, 1.000219317819234)
(181, 1.0008978875903345)
(181, 1.0000097151067358)
(181, 1.0002913116383643)
(181, 1.0021216165771185)
(181, 1.0003017632332276)
(181, 1.0001061256316257)
(181, 1.0027393720243034)
(181, 1.000015292369369)
(196, 1.0002518864533227)
(196, 1.0000401859093584)
(196, 1.0004101398474778)
(196, 1.0007199788720622)
(196, 1.0001460186611952)
(196, 1.0004307592202772)
(196, 1.0005263864319223)
(196, 1.000085948300605)
(196, 1.0004871806604072)
(196, 1.0005520455252923)
(196, 1.0001829994785834)
(196, 1.0001283110272337)
(196, 1.0001447508639334)
(196, 1.0006581446109812)
(196, 1.0081893228298857)
(196, 1.0000422700132352)
(196, 1.000128040854278)
(196, 1.0008030642347492)
(196, 1.0020759568140187)
(196, 1.0000914286244047)
(196, 1.0000868302357666)
(196, 1.0028375252358162)
(196, 1.0001611511780897)
(196, 1.00070288142804)
(196, 1.0054634123604471)
(196, 1.0006236130612094)
(196, 1.000003032295007)
(196, 1.0000585435777631)
(196, 1.0005177918601202)
(196, 1.0021630075836705)
(196, 1.0004403393889758)
(196, 1.00004504844539)
(210, 1.0001259332395889)
(210, 1.0001179453298294)
(210, 1.0000308811455576)
(210, 1.0001665590558322)
(210, 1.0001087879982087)
(210, 1.0003128992282864)
(210, 1.0006090064148154)
(210, 1.000407955805635)
(210, 1.000349630360818)
(210, 1.000001629082558)
(210, 1.0004651272807827)
(210, 1.0001680709589995)
(210, 1.000044272720105)
(210, 1.0001854109406731)
(210, 1.0001345551694176)
(210, 1.0000079894834064)
(210, 1.0000121459758347)
(210, 1.0001028062330877)
(210, 1.0001828032520659)
(210, 1.0001699677968316)
(210, 1.0001061020651218)
(210, 1.000044058753313)
(210, 1.0004161038535522)
(210, 1.0001151429149107)
(210, 1.000244085141562)
(210, 1.0001084530279833)
(210, 1.0001473522570032)
(210, 1.0002302984823586)
(210, 1.0003190616967035)
(210, 1.0006779201769214)
(210, 1.000004452333584)
(210, 1.0000401243099581)
(225, 1.000013762191584)
(225, 1.0000777566686245)
(225, 1.0001749493933578)
(225, 1.0002648755749073)
(225, 1.0000131336439606)
(225, 1.0001797725881443)
(225, 1.0000733662617747)
(225, 1.0000238286768932)
(225, 1.001499938471767)
(225, 1.0003167138448739)
(225, 1.0005411568544256)
(225, 1.0026970749223187)
(225, 1.0002705434093953)
(225, 1.0001312681577765)
(225, 1.0000441488166516)
(225, 1.0004487018818091)
(225, 1.0004002290381455)
(225, 1.000068387102482)
(225, 1.00013050974577)
(225, 1.000472211731265)
(225, 1.0001250131881207)
(225, 1.0004453247039253)
(225, 1.0001143292254198)
(225, 1.0002816054820716)
(225, 1.0005388998497335)
(225, 1.0001551155214705)
(225, 1.000221071135432)
(225, 1.0005000975121063)
(225, 1.0000717177502976)
(225, 1.0014009299473638)
(225, 1.0004127587873914)
(225, 1.0004097169898671)
(239, 1.0000280193681024)
(239, 1.0000821322957034)
(239, 1.0000371587182777)
(239, 1.0000229287006077)
(239, 1.0003943814140557)
(239, 1.000179180486964)
(239, 1.0000141575284227)
(239, 1.0014142097350802)
(239, 1.0000184989686036)
(239, 1.0001107127756133)
(239, 1.000344834762355)
(239, 1.0003592914737134)
(239, 1.0001431661223872)
(239, 1.0001425923381373)
(239, 1.0005666629935805)
(239, 1.0001048561847983)
(239, 1.0005651206375827)
(239, 1.0013527126905744)
(239, 1.0000405156097394)
(239, 1.0022978942210459)
(239, 1.0006421822340519)
(239, 1.0001957101967243)
(239, 1.0013796925714653)
(239, 1.0016899676837638)
(239, 1.0008428938561948)
(239, 1.0003324845875647)
(239, 1.0000915302408724)
(239, 1.0028818196462022)
(239, 1.0003164313840502)
(239, 1.000071211360528)
(239, 1.0001483042089618)
(239, 1.0001624598217094)
(254, 1.0004827115950028)
(254, 1.000319309051194)
(254, 1.0003182770387367)
(254, 1.0002810313861605)
(254, 1.0003062735960142)
(254, 1.0007171447881482)
(254, 1.0005700450921045)
(254, 1.0005210337094816)
(254, 1.000150074463351)
(254, 1.0000113109547177)
(254, 1.0001475093928929)
(254, 1.000173706600552)
(254, 1.0002715523629622)
(254, 1.0004639631472656)
(254, 1.0001713814472992)
(254, 1.0001103958060071)
(254, 1.0000629139066866)
(254, 1.0000895030272123)
(254, 1.0000433773555408)
(254, 1.0000031616874754)
(254, 1.0002856137924967)
(254, 1.0006209860504156)
(254, 1.0000687481218686)
(254, 1.0001560616976497)
(254, 1.0000343069653104)
(254, 1.0000310128857273)
(254, 1.0001476635968178)
(254, 1.000140062277761)
(254, 1.0003841545764744)
(254, 1.0002421382770965)
(254, 1.000068706686498)
(254, 1.0010203555223542)
(268, 1.0000590966663496)
(268, 1.0013239126169071)
(268, 1.0001220024129536)
(268, 1.0007770809493262)
(268, 1.0005854064367965)
(268, 1.0000113189819548)
(268, 1.0001065207794018)
(268, 1.0001862991273838)
(268, 1.0000709306743174)
(268, 1.0007101843424269)
(268, 1.0001093454037826)
(268, 1.0000363370039587)
(268, 1.0000144456897815)
(268, 1.0002308678007588)
(268, 1.0002084746044846)
(268, 1.0000762176015245)
(268, 1.0000028214062542)
(268, 1.000029884101172)
(268, 1.000578248781559)
(268, 1.0000579785608756)
(268, 1.0000342569000067)
(268, 1.0001147488405093)
(268, 1.0006446495321006)
(268, 1.0000467976841971)
(268, 1.0000639699825555)
(268, 1.0003766794142508)
(268, 1.000679307227462)
(268, 1.0002849100806392)
(268, 1.0002987783348993)
(268, 1.0013270468811524)
(268, 1.000315187209458)
(268, 1.0000301015779247)
(283, 1.0008182685013856)
(283, 1.0005742326479403)
(283, 1.0001384097431252)
(283, 1.0000559113258098)
(283, 1.000994907787293)
(283, 1.0001306419890177)
(283, 1.0000570580338897)
(283, 1.0001401752610133)
(283, 1.0000723461937966)
(283, 1.0003278506971607)
(283, 1.0000383683284775)
(283, 1.0012991468672567)
(283, 1.0002107336219885)
(283, 1.0000169142252293)
(283, 1.0004230370882732)
(283, 1.000074539760177)
(283, 1.0001719963362978)
(283, 1.0004749338062466)
(283, 1.000475913915227)
(283, 1.0000372755372084)
(283, 1.0005277684249905)
(283, 1.000168546372276)
(283, 1.0009009705012342)
(283, 1.000234725899655)
(283, 1.0000063477243402)
(283, 1.0005836800752443)
(283, 1.0025593861420496)
(283, 1.0000647193053347)
(283, 1.0000735404497447)
(283, 1.0003132582795577)
(283, 1.001253663095471)
(283, 1.0004295412190487)
(297, 1.0005360508309522)
(297, 1.0000040102611627)
(297, 1.0000323597869583)
(297, 1.0001361243976674)
(297, 1.0005534586435136)
(297, 1.0004438743664403)
(297, 1.000060606567802)
(297, 1.0000281307980396)
(297, 1.0001498089596326)
(297, 1.0002090747203918)
(297, 1.000346815906208)
(297, 1.0000102824760975)
(297, 1.0000246228957266)
(297, 1.0000089417502587)
(297, 1.0000707637100625)
(297, 1.0000215517874573)
(297, 1.0001859415721106)
(297, 1.0001457639696434)
(297, 1.00011392819122)
(297, 1.0001143480861312)
(297, 1.0001279543855257)
(297, 1.0001756686191654)
(297, 1.0002242904443999)
(297, 1.0001567501682456)
(297, 1.000208849169477)
(297, 1.0002859820507277)
(297, 1.0002595268197074)
(297, 1.000074784737809)
(297, 1.0000787070695247)
(297, 1.0006422091748122)
(297, 1.0000493794745013)
(297, 1.000050270663909)
(312, 1.0002708033747298)
(312, 1.0000716900570135)
(312, 1.0000255624484664)
(312, 1.0000633997809756)
(312, 1.000316412105534)
(312, 1.0001861920896609)
(312, 1.0001776368554431)
(312, 1.000067750467728)
(312, 1.0001158004348254)
(312, 1.0005812939291392)
(312, 1.0000129195642575)
(312, 1.000157558159735)
(312, 1.0000257090129807)
(312, 1.0001116906293255)
(312, 1.000091366784288)
(312, 1.0000520357570017)
(312, 1.0000575491785064)
(312, 1.0001598744935234)
(312, 1.0002136233892265)
(312, 1.000155729035717)
(312, 1.00044073530661)
(312, 1.000045864404913)
(312, 1.000395333777387)
(312, 1.000397136689929)
(312, 1.0009465240805933)
(312, 1.0000113999367783)
(312, 1.0003756989796595)
(312, 1.0001414896236875)
(312, 1.0002671340726839)
(312, 1.0000157510275147)
(312, 1.0000399382890814)
(312, 1.0000287052160404)
(326, 1.0003330949142788)
(326, 1.0000783390378902)
(326, 1.0003881423165555)
(326, 1.000118148299755)
(326, 1.0000241273932045)
(326, 1.000048942421818)
(326, 1.0001829361016272)
(326, 1.0002341543466196)
(326, 1.000084362505321)
(326, 1.000028207575095)
(326, 1.0000207769234855)
(326, 1.0002462481279042)
(326, 1.0008523556888176)
(326, 1.0002134787742167)
(326, 1.0001456334800038)
(326, 1.0002592755261792)
(326, 1.0001620773557356)
(326, 1.0000906359464241)
(326, 1.0010780260336847)
(326, 1.000176081036077)
(326, 1.0001639970040022)
(326, 1.0000417992638428)
(326, 1.0001802995176399)
(326, 1.0001644334176794)
(326, 1.0000058072526774)
(326, 1.000073981264306)
(326, 1.0000369867520333)
(326, 1.0003138686442818)
(326, 1.000163567517404)
(326, 1.000884374585221)
(326, 1.0009635988645929)
(326, 1.0000736117847167)
(341, 1.0000910055237735)
(341, 1.0000459369099897)
(341, 1.0000766482400112)
(341, 1.0001945412617153)
(341, 1.0000882361335046)
(341, 1.0002950227345664)
(341, 1.0001167978590335)
(341, 1.0001312027261233)
(341, 1.0000876167739896)
(341, 1.0000760271979807)
(341, 1.0005594394960184)
(341, 1.000281385342911)
(341, 1.0003953658918046)
(341, 1.000002483333744)
(341, 1.00002683395756)
(341, 1.0001607919225128)
(341, 1.0002068848849095)
(341, 1.0001233986715363)
(341, 1.0000259992338134)
(341, 1.000051734174238)
(341, 1.000299615764259)
(341, 1.0001382100449296)
(341, 1.000214662974197)
(341, 1.000111713233721)
(341, 1.0000234251224933)
(341, 1.000009324855551)
(341, 1.0000383736068101)
(341, 1.0004948019493145)
(341, 1.0001313006019696)
(341, 1.0000019424606117)
(341, 1.0000033407390756)
(341, 1.0007983254118205)
(355, 1.0006031899584367)
(355, 1.000027425316199)
(355, 1.0003602530849063)
(355, 1.0005325985173148)
(355, 1.0003546183863168)
(355, 1.000971060010612)
(355, 1.0000496195106459)
(355, 1.0005851678766757)
(355, 1.0000187539610448)
(355, 1.000307036019948)
(355, 1.0000670739219069)
(355, 1.0000011905814332)
(355, 1.0000891750399208)
(355, 1.0002200664811942)
(355, 1.0000037238189337)
(355, 1.0000547149881984)
(355, 1.0002126905510156)
(355, 1.0001561117211055)
(355, 1.0000743649983488)
(355, 1.0000050424103253)
(355, 1.0000076962952196)
(355, 1.0000358970193794)
(355, 1.0000918452254108)
(355, 1.0000661950765022)
(355, 1.000140764209689)
(355, 1.0000280228211749)
(355, 1.0002083579670002)
(355, 1.0001264174275517)
(355, 1.0001095927185983)
(355, 1.000165918787052)
(355, 1.000056455967581)
(355, 1.0004398195887627)
(370, 1.0000388038815542)
(370, 1.000186024454282)
(370, 1.0001879548825645)
(370, 1.0000268397046008)
(370, 1.0000136869555036)
(370, 1.000167203584519)
(370, 1.000076050634027)
(370, 1.0000560461849881)
(370, 1.0000233634732034)
(370, 1.0000582192109002)
(370, 1.0000111293776688)
(370, 1.0000746022941531)
(370, 1.0000269459973332)
(370, 1.0000034693370206)
(370, 1.0000738083485567)
(370, 1.000958263193374)
(370, 1.0001500394267118)
(370, 1.000035571634162)
(370, 1.0005293279726688)
(370, 1.0002336412007995)
(370, 1.0000338127667714)
(370, 1.0001404043461208)
(370, 1.0000122708953847)
(370, 1.0003068694101638)
(370, 1.000086610605295)
(370, 1.000111735396915)
(370, 1.000004047912327)
(370, 1.0000218177967968)
(370, 1.0000314978237965)
(370, 1.0000985224094545)
(370, 1.0001221732209682)
(370, 1.0000028673879806)
(384, 1.0000013779096062)
(384, 1.000107742832221)
(384, 1.0000612006887144)
(384, 1.0000169129990026)
(384, 1.000115406770878)
(384, 1.0001023907958122)
(384, 1.0000166865296076)
(384, 1.0002126877887167)
(384, 1.0018474897475542)
(384, 1.0000404349568413)
(384, 1.0000707545304504)
(384, 1.0002619592333644)
(384, 1.0002205707478509)
(384, 1.000001772749734)
(384, 1.0002006286664646)
(384, 1.0000225492412131)
(384, 1.000120057352029)
(384, 1.0000090059337947)
(384, 1.0000265481695123)
(384, 1.0001403370200133)
(384, 1.000114246540304)
(384, 1.0011582861944963)
(384, 1.0000248554134161)
(384, 1.0003600409506046)
(384, 1.00002166187997)
(384, 1.0000551698846223)
(384, 1.0000832778397168)
(384, 1.000050522833748)
(384, 1.0000340247275765)
(384, 1.0005396561739166)
(384, 1.000225984795166)
(384, 1.0001484566728924)
(399, 1.0000375792696707)
(399, 1.0000041436337972)
(399, 1.0000238875908687)
(399, 1.0001800762504174)
(399, 1.000061603681724)
(399, 1.0000465948956931)
(399, 1.0000385491065078)
(399, 1.0000653590701585)
(399, 1.0001866609035084)
(399, 1.0013969281535295)
(399, 1.0000037784838893)
(399, 1.0001116628971187)
(399, 1.0000431560401966)
(399, 1.000065341229432)
(399, 1.000172855083837)
(399, 1.0000125406131908)
(399, 1.000015827811497)
(399, 1.000444842962513)
(399, 1.0000970931284776)
(399, 1.0000236010432384)
(399, 1.0003800814215273)
(399, 1.000066279826826)
(399, 1.0000572239946999)
(399, 1.000023600986076)
(399, 1.0000185418486005)
(399, 1.0000420037906514)
(399, 1.0000449473930821)
(399, 1.000054293925635)
(399, 1.0000474053145898)
(399, 1.0000506934189457)
(399, 1.0001891807046408)
(399, 1.000213034194976)
(413, 1.0000446323100558)
(413, 1.000330387044975)
(413, 1.0000175705610526)
(413, 1.0001651245348602)
(413, 1.0010216042453433)
(413, 1.0000942167871234)
(413, 1.0000229275363386)
(413, 1.0002484830237997)
(413, 1.0000727951472526)
(413, 1.0000343197218833)
(413, 1.0002060529366006)
(413, 1.000057385938616)
(413, 1.0000122719922806)
(413, 1.0003621727319587)
(413, 1.000131373432151)
(413, 1.0000034676404015)
(413, 1.0001070166975872)
(413, 1.0000396955009725)
(413, 1.0000113914259)
(413, 1.0002626754217325)
(413, 1.000183946835142)
(413, 1.0000205468201504)
(413, 1.0004738922313456)
(413, 1.000126514052238)
(413, 1.0001049217871008)
(413, 1.000021968188125)
(413, 1.0000555842457055)
(413, 1.000125159994298)
(413, 1.0000359703302755)
(413, 1.000096589569959)
(413, 1.000183272225829)
(413, 1.0004072219576245)
(428, 1.000170665999528)
(428, 1.0002060807767468)
(428, 1.0000025031637065)
(428, 1.0001975965459973)
(428, 1.0002198412183603)
(428, 1.000013202691461)
(428, 1.0000015635277948)
(428, 1.0000348212990624)
(428, 1.0000091937805133)
(428, 1.0000648951252074)
(428, 1.0000778123595604)
(428, 1.0000347642078729)
(428, 1.0004253557651976)
(428, 1.0000164415946549)
(428, 1.000109433278487)
(428, 1.000047841914632)
(428, 1.000002749146609)
(428, 1.0002606001298713)
(428, 1.0000150121066342)
(428, 1.000021160867691)
(428, 1.0006865704439944)
(428, 1.0002851895661975)
(428, 1.0000552050220495)
(428, 1.0000716367908076)
(428, 1.0002932192771428)
(428, 1.0000048167138682)
(428, 1.0000428526066063)
(428, 1.0002267210523499)
(428, 1.0000033271058306)
(428, 1.000062565886212)
(428, 1.0000164723739355)
(428, 1.000297120921441)
(442, 1.0000998260020055)
(442, 1.0000371324376844)
(442, 1.0001804372028413)
(442, 1.00019709423109)
(442, 1.0000263024479956)
(442, 1.000014585825698)
(442, 1.0000016962681002)
(442, 1.0000296253899796)
(442, 1.0003037649002113)
(442, 1.0000057689667823)
(442, 1.000083892962111)
(442, 1.0000390942078805)
(442, 1.0000477709125974)
(442, 1.0000278435241612)
(442, 1.0003929816061647)
(442, 1.0000752568294078)
(442, 1.0000489398339545)
(442, 1.0001847747107426)
(442, 1.0000918880149319)
(442, 1.0003311282340284)
(442, 1.0000741669256317)
(442, 1.0000056464635785)
(442, 1.0000145567050263)
(442, 1.00001625255726)
(442, 1.000078471000341)
(442, 1.0000852363277135)
(442, 1.000027450265133)
(442, 1.0002156339039898)
(442, 1.0003749277756462)
(442, 1.000007210433884)
(442, 1.000059662044108)
(442, 1.000110880097264)
(457, 1.0000450256277944)
(457, 1.0000038409227825)
(457, 1.0000293575878854)
(457, 1.000109650288076)
(457, 1.0000968375177268)
(457, 1.0002324611521933)
(457, 1.000014837286787)
(457, 1.0002261271759554)
(457, 1.0001325777219836)
(457, 1.0000331959980457)
(457, 1.0001051185658505)
(457, 1.0000105702179045)
(457, 1.000141816574149)
(457, 1.000066532778113)
(457, 1.0000888881980603)
(457, 1.000046364344465)
(457, 1.000080440342117)
(457, 1.000255544951388)
(457, 1.000007678115725)
(457, 1.000012398822776)
(457, 1.0000329007218227)
(457, 1.000016579028432)
(457, 1.0000946145041847)
(457, 1.0000385989556917)
(457, 1.0000555107814535)
(457, 1.0000068504788384)
(457, 1.000067913987248)
(457, 1.0003199455364489)
(457, 1.0000096570163368)
(457, 1.0000087183926663)
(457, 1.0000048786068312)
(457, 1.0001359075250396)
(471, 1.0000013094107936)
(471, 1.0001260580070992)
(471, 1.0000985182109408)
(471, 1.000046120226223)
(471, 1.0000119832902432)
(471, 1.000022546706229)
(471, 1.0000951744155457)
(471, 1.000226530577825)
(471, 1.0001398906527257)
(471, 1.000001959930231)
(471, 1.000016668072677)
(471, 1.0001271427163723)
(471, 1.0000581681303533)
(471, 1.0001371269879908)
(471, 1.0000330885949074)
(471, 1.0001192901207956)
(471, 1.0000132505642962)
(471, 1.000046686498269)
(471, 1.0000137922402652)
(471, 1.0000320477250508)
(471, 1.0001686282983073)
(471, 1.000050315507555)
(471, 1.000023134556465)
(471, 1.0000395507151678)
(471, 1.0000226357950284)
(471, 1.0000018888979076)
(471, 1.000082174846077)
(471, 1.0003193191777355)
(471, 1.0000010856466086)
(471, 1.0002655955961135)
(471, 1.0001233777744696)
(471, 1.0000578102878512)
(486, 1.000058546235351)
(486, 1.000021245506291)
(486, 1.0001213889239498)
(486, 1.002184067360361)
(486, 1.00012083984867)
(486, 1.0002745915541031)
(486, 1.000174279753651)
(486, 1.0000523090244327)
(486, 1.0000123417835745)
(486, 1.0000650763985328)
(486, 1.0004163225123213)
(486, 1.000037999538842)
(486, 1.0000193322078395)
(486, 1.0000814305159456)
(486, 1.0000223124459044)
(486, 1.0000798055829523)
(486, 1.0000882901278847)
(486, 1.000055053258731)
(486, 1.0000335722619318)
(486, 1.0000014015051437)
(486, 1.0012406984434232)
(486, 1.0003553849909637)
(486, 1.000512124341474)
(486, 1.0004167039354535)
(486, 1.0000432417846408)
(486, 1.0002282208889848)
(486, 1.0001376332833387)
(486, 1.0000244925983215)
(486, 1.0000230059553707)
(486, 1.0000155214711712)
(486, 1.0000104291401544)
(486, 1.0000492995791692)
(500, 1.0000102690080914)
(500, 1.000226826451244)
(500, 1.0000370582035547)
(500, 1.0000488846355902)
(500, 1.000090334722592)
(500, 1.0000444327559939)
(500, 1.0004160331191594)
(500, 1.0000640796780493)
(500, 1.0000036989207046)
(500, 1.0000231441898584)
(500, 1.0000298413328268)
(500, 1.0001205027780289)
(500, 1.0000170404572293)
(500, 1.000110282986095)
(500, 1.0001124037878972)
(500, 1.000022418153108)
(500, 1.0000088793227746)
(500, 1.000044903461825)
(500, 1.0001654679915035)
(500, 1.0000265834666842)
(500, 1.0002688324830675)
(500, 1.0000090367223085)
(500, 1.000162357850664)
(500, 1.0002526585329858)
(500, 1.0000052622295823)
(500, 1.0001440952912681)
(500, 1.000106037101182)
(500, 1.0000471632659746)
(500, 1.0000365886184068)
(500, 1.0000289466016496)
(500, 1.0002081865755288)
(500, 1.0000886577819526)
